ROC_Youden_J: 0.22395372830597574
PR_Max_F1: 0.06728736352863442
