ROC_Youden_J: 0.13907498080836403
PR_Max_F1: 0.3484254694753371
