ROC_Youden_J: 0.19178393193894536
PR_Max_F1: 0.3842708499508867
