ROC_Youden_J: 0.26476141951024595
PR_Max_F1: 0.3408826185572488
