ROC_Youden_J: 0.12662266281104398
PR_Max_F1: 0.12662266281104398
